{
 "cells": [
  {
   "cell_type": "code",
   "execution_count": 1,
   "metadata": {},
   "outputs": [],
   "source": [
    "# Propagation from AZ/EL observations\n",
    "# Perturbation:\n",
    "# N/A\n",
    "# Maneuver: \n",
    "# No\n",
    "\n",
    "# IOD\n",
    "# Given from propagation_issX\n",
    "\n",
    "# Obserbation:\n",
    "# AZ/EL\n",
    "# TOD / IERS_2010\n",
    "\n",
    "# Output:\n",
    "# TBD\n",
    "\n",
    "# Remark: Implementation of the Orbdetpy methods Estimation.java"
   ]
  },
  {
   "cell_type": "code",
   "execution_count": 2,
   "metadata": {},
   "outputs": [],
   "source": [
    "%matplotlib inline\n",
    "\n",
    "from math import radians, pi, degrees\n",
    "import pandas as pd\n",
    "import numpy as np\n",
    "import plotly.express as px\n",
    "from scipy import signal\n",
    "\n",
    "import orekit\n",
    "vm = orekit.initVM()\n",
    "\n",
    "from orekit.pyhelpers import setup_orekit_curdir, absolutedate_to_datetime\n",
    "setup_orekit_curdir()\n",
    "\n",
    "from org.orekit.orbits import KeplerianOrbit, PositionAngle\n",
    "from org.orekit.propagation.analytical import KeplerianPropagator\n",
    "from org.orekit.time import AbsoluteDate, TimeScalesFactory, TimeScale\n",
    "from org.orekit.utils import Constants\n",
    "from org.orekit.frames import FramesFactory, TopocentricFrame\n",
    "from org.orekit.bodies import OneAxisEllipsoid, GeodeticPoint\n",
    "from org.hipparchus.geometry.euclidean.threed import Vector3D\n",
    "from org.orekit.attitudes import LofOffset\n",
    "from org.orekit.bodies import CelestialBodyFactory, OneAxisEllipsoid\n",
    "from org.orekit.forces.drag import IsotropicDrag\n",
    "from org.orekit.forces.gravity.potential import GravityFieldFactory\n",
    "from org.orekit.forces.maneuvers import ImpulseManeuver\n",
    "from org.orekit.frames import FramesFactory, LOFType, EOPHistory\n",
    "from org.orekit.models.earth.atmosphere import HarrisPriester\n",
    "from org.orekit.orbits import CircularOrbit, OrbitType, PositionAngle\n",
    "from org.orekit.propagation import PropagationType, SpacecraftState\n",
    "from org.orekit.propagation.events import DateDetector, EventEnablingPredicateFilter, PythonEnablingPredicate,\\\n",
    "     PositionAngleDetector, PythonEventDetector, AbstractDetector, EventDetector\n",
    "from org.orekit.propagation.conversion import DormandPrince853IntegratorBuilder, DSSTPropagatorBuilder, \\\n",
    "     ClassicalRungeKuttaIntegratorBuilder, EulerIntegratorBuilder\n",
    "from org.orekit.propagation.semianalytical.dsst.forces import DSSTAtmosphericDrag, DSSTNewtonianAttraction, DSSTZonal\n",
    "from org.orekit.time import AbsoluteDate, TimeScalesFactory\n",
    "from org.orekit.utils import Constants, IERSConventions, PVCoordinatesProvider\n",
    "from orekit.pyhelpers import absolutedate_to_datetime\n",
    "from org.hipparchus.linear import RealMatrix\n",
    "from org.hipparchus.linear import QRDecomposer, AbstractRealMatrix\n",
    "from org.hipparchus.optim.nonlinear.vector.leastsquares import GaussNewtonOptimizer\n",
    "from org.orekit.estimation.leastsquares import BatchLSEstimator\n",
    "from org.orekit.propagation.numerical import NumericalPropagator\n",
    "from org.orekit.propagation.conversion import AbstractPropagatorBuilder, PropagatorBuilder\n",
    "\n",
    "from org.orekit.estimation.measurements import AngularAzEl\n",
    "from org.orekit.estimation.measurements import ObservableSatellite\n",
    "from org.orekit.estimation.measurements import GroundStation\n",
    "from org.orekit.estimation.sequential import KalmanEstimatorBuilder\n",
    "from org.orekit.estimation.sequential import KalmanEstimator\n",
    "from org.orekit.estimation.sequential import KalmanEstimation,AbstractCovarianceMatrixProvider\n",
    "from org.orekit.estimation.measurements import *\n",
    "from org.orekit.estimation.iod import IodGooding, IodLaplace\n",
    "\n",
    "from orekit.pyhelpers import absolutedate_to_datetime, datetime_to_absolutedate, JArray_double2D\n",
    "from collections import namedtuple\n",
    "from org.orekit.time import Month\n",
    "from orekit import JArray\n",
    "\n",
    "from org.orekit.estimation.sequential import KalmanEstimator, KalmanEstimatorBuilder, CovarianceMatrixProvider, ConstantProcessNoise\n",
    "from org.orekit.orbits import Orbit\n",
    "from org.hipparchus.linear import MatrixUtils\n",
    "\n",
    "from org.orekit.propagation.conversion import DormandPrince853IntegratorBuilder\n",
    "from org.orekit.propagation.conversion import NumericalPropagatorBuilder\n",
    "from org.orekit.orbits import PositionAngle\n",
    "\n",
    "from org.orekit.forces.gravity.potential import GravityFieldFactory\n",
    "from org.orekit.forces.gravity import HolmesFeatherstoneAttractionModel\n",
    "\n",
    "from org.orekit.utils import ParameterDriver\n",
    "\n",
    "from org.hipparchus.linear import Array2DRowRealMatrix  \n",
    "from org.orekit.estimation.sequential import KalmanEstimatorBuilder, KalmanEstimation\n",
    "from org.orekit.orbits import CartesianOrbit, Orbit\n",
    "from org.orekit.utils import TimeStampedPVCoordinates\n",
    "\n"
   ]
  },
  {
   "cell_type": "code",
   "execution_count": 3,
   "metadata": {},
   "outputs": [],
   "source": [
    "def initCov(initialCov, initData, matSize):\n",
    "    for i in range(0,matSize):\n",
    "        initialCov.setEntry(i, i, 1.0);\n",
    "        for j in range(0,i):\n",
    "            initialCov.setEntry(i, j, initData[j]);\n",
    "            initialCov.setEntry(j, i, initData[j]);\n",
    "            #print(initData[j])\n",
    "    return initialCov\n",
    "\n",
    "def getAzElDate(datetime, ref):\n",
    "    year = int(datetime[1:5])\n",
    "    month = int(datetime[6:8])\n",
    "    day = int(datetime[9:11])\n",
    "    hour = int(datetime[12:14])\n",
    "    minute = int(datetime[15:17])\n",
    "    second = int(datetime[18:20])\n",
    "    return AbsoluteDate(year, Month.getMonth(month), day, hour, minute, 0.0, ref)"
   ]
  },
  {
   "cell_type": "code",
   "execution_count": 4,
   "metadata": {},
   "outputs": [],
   "source": [
    "# ADS Inputs\n",
    "a = 7000000.0  \n",
    "e = 0.1\n",
    "i = radians(98.0)     \n",
    "omega = radians(0.0)   # perigee argument\n",
    "raan = radians(90.0)  # right ascension of ascending node\n",
    "lv = radians(0.0)#0.1)    # True anomaly\n",
    "\n",
    "\n",
    "#mass = 625.0\n",
    "utc = TimeScalesFactory.getUTC()\n",
    "initialDate = AbsoluteDate(2020, 1, 1, 8, 33, 00.000, utc)\n",
    "\n",
    "## Inertial frame where the satellite is defined\n",
    "inertialFrame =  FramesFactory.getTOD(IERSConventions.IERS_2010, False)\n",
    "earth = OneAxisEllipsoid(Constants.WGS84_EARTH_EQUATORIAL_RADIUS, \n",
    "                         Constants.WGS84_EARTH_FLATTENING, \n",
    "                         inertialFrame)\n",
    "\n",
    "## Orbit construction as Keplerian\n",
    "initialOrbit = KeplerianOrbit(a, e, i, omega, raan, lv,\n",
    "                              PositionAngle.TRUE,\n",
    "                              inertialFrame, initialDate, Constants.WGS84_EARTH_MU)\n",
    "\n",
    "# Orbit propagator parameters\n",
    "prop_min_step = 10.0 # s\n",
    "prop_max_step = 24*3600.0 # s\n",
    "prop_position_error = 1000.0 # m\n",
    "\n",
    "# Estimator parameters\n",
    "estimator_position_scale = 1.0 # m\n",
    "estimator_convergence_thres = 1e-3\n",
    "estimator_max_iterations = 25\n",
    "estimator_max_evaluations = 35\n"
   ]
  },
  {
   "cell_type": "code",
   "execution_count": 5,
   "metadata": {},
   "outputs": [],
   "source": [
    "# 182\n",
    "\n",
    "integratorBuilder = DormandPrince853IntegratorBuilder(prop_min_step, prop_max_step, prop_position_error)\n",
    "kepPropagatorBuilder = NumericalPropagatorBuilder(initialOrbit,\n",
    "                                                   integratorBuilder,\n",
    "                                                   PositionAngle.MEAN,\n",
    "                                                   estimator_position_scale)\n",
    "\n"
   ]
  },
  {
   "cell_type": "code",
   "execution_count": 6,
   "metadata": {},
   "outputs": [],
   "source": [
    "def perturbations(kepPropagatorBuilder):\n",
    "    \n",
    "    \n",
    "    # Earth gravity field with degree 20 and order 20\n",
    "    gravityProvider = GravityFieldFactory.getConstantNormalizedProvider(20,20)\n",
    "    gravityAttractionModel = HolmesFeatherstoneAttractionModel(inertialFrame, gravityProvider)\n",
    "    kepPropagatorBuilder.addForceModel(gravityAttractionModel)\n",
    "\n",
    "    \n",
    "    \n",
    "    moon = CelestialBodyFactory.getMoon()\n",
    "    sun = CelestialBodyFactory.getSun()\n",
    "    # Moon and Sun perturbations\n",
    "    from org.orekit.forces.gravity import ThirdBodyAttraction\n",
    "    moon_3dbodyattraction = ThirdBodyAttraction(moon)\n",
    "    kepPropagatorBuilder.addForceModel(moon_3dbodyattraction)\n",
    "    sun_3dbodyattraction = ThirdBodyAttraction(sun)\n",
    "    kepPropagatorBuilder.addForceModel(sun_3dbodyattraction)\n",
    "\n",
    "    # Solar radiation pressure\n",
    "    from org.orekit.forces.radiation import IsotropicRadiationSingleCoefficient\n",
    "    isotropicRadiationSingleCoeff = IsotropicRadiationSingleCoefficient(20.0, 1.5);\n",
    "    from org.orekit.forces.radiation import SolarRadiationPressure\n",
    "    from org.orekit.models.earth import ReferenceEllipsoid\n",
    "    wgs84Ellipsoid = ReferenceEllipsoid.getWgs84(inertialFrame)\n",
    "    solarRadiationPressure = SolarRadiationPressure(sun, wgs84Ellipsoid.getEquatorialRadius(),\n",
    "                                                    isotropicRadiationSingleCoeff)\n",
    "    kepPropagatorBuilder.addForceModel(solarRadiationPressure)\n",
    "    from org.orekit.utils import Constants as orekit_constants\n",
    "    # Atmospheric drag\n",
    "    #from org.orekit.forces.drag.atmosphere.data import MarshallSolarActivityFutureEstimation\n",
    "    #msafe = MarshallSolarActivityFutureEstimation(\n",
    "    #    '(?:Jan|Feb|Mar|Apr|May|Jun|Jul|Aug|Sep|Oct|Nov|Dec)\\p{Digit}\\p{Digit}\\p{Digit}\\p{Digit}F10\\.(?:txt|TXT)',\n",
    "    #    MarshallSolarActivityFutureEstimation.StrengthLevel.AVERAGE)\n",
    "    #DM.feed(msafe.getSupportedNames(), msafe) # Feeding the F10.7 bulletins to Orekit's data manager\n",
    "\n",
    "    #from org.orekit.forces.drag.atmosphere import NRLMSISE00\n",
    "    #atmosphere = NRLMSISE00(msafe, sun, wgs84Ellipsoid)\n",
    "    #from org.orekit.forces.drag.atmosphere import DTM2000\n",
    "    #atmosphere = DTM2000(msafe, sun, wgs84Ellipsoid)\n",
    "    #from org.orekit.forces.drag import IsotropicDrag\n",
    "    #isotropicDrag = IsotropicDrag(sat_list[sc_name]['cross_section'], sat_list[sc_name]['cd'])\n",
    "    #from org.orekit.forces.drag import DragForce\n",
    "    #dragForce = DragForce(atmosphere, isotropicDrag)\n",
    "    #kepPropagatorBuilder.addForceModel(dragForce)\n",
    "\n",
    "    # Relativity\n",
    "    from org.orekit.forces.gravity import Relativity\n",
    "    relativity = Relativity(orekit_constants.EIGEN5C_EARTH_MU)\n",
    "    kepPropagatorBuilder.addForceModel(relativity)\n",
    "    \n",
    "    return kepPropagatorBuilder\n",
    "\n",
    "kepPropagatorBuilder = perturbations(kepPropagatorBuilder)"
   ]
  },
  {
   "cell_type": "code",
   "execution_count": null,
   "metadata": {},
   "outputs": [],
   "source": []
  },
  {
   "cell_type": "code",
   "execution_count": 7,
   "metadata": {},
   "outputs": [],
   "source": [
    "\n",
    "if 1:\n",
    "    plst = kepPropagatorBuilder.getPropagationParametersDrivers()\n",
    "\n",
    "    dragCoefficient = ParameterDriver('Cd', 2.0, 1.0, 1.0, 3.0)\n",
    "    dragCoefficient.setSelected(True)\n",
    "    plst.add(dragCoefficient)\n",
    "\n",
    "    rpCoeffReflection = ParameterDriver('Cr', 1.5, 1.0, 1.0, 2.0)\n",
    "    rpCoeffReflection.setSelected(True)\n",
    "    plst.add(rpCoeffReflection)\n",
    "\n",
    "    estmDMCAcceleration = ParameterDriver('DMC', 0.1, 1.0, -1.0e-2, 1.0e-2)\n",
    "    estmDMCAcceleration.setSelected(True)\n",
    "    plst.add(estmDMCAcceleration)\n",
    "\n"
   ]
  },
  {
   "cell_type": "code",
   "execution_count": null,
   "metadata": {},
   "outputs": [],
   "source": []
  },
  {
   "cell_type": "code",
   "execution_count": null,
   "metadata": {},
   "outputs": [],
   "source": [
    " "
   ]
  },
  {
   "cell_type": "code",
   "execution_count": 8,
   "metadata": {},
   "outputs": [
    {
     "name": "stdout",
     "output_type": "stream",
     "text": [
      "9\n"
     ]
    }
   ],
   "source": [
    "# Creation of Noise matrix\n",
    "def initCovLower2(initialCov, initData, matSize):\n",
    "    for i in range(0,matSize):\n",
    "        initialCov.setEntry(i, i, initData[i]);\n",
    "        for j in range(0,i):\n",
    "            initialCov.setEntry(i, j, initData[j]);\n",
    "            initialCov.setEntry(j, i, initData[j]);\n",
    "            #print(initData[j])\n",
    "    return initialCov\n",
    "\n",
    "def initCov2(initialCov, initData, matSize):\n",
    "    for i in range(0,matSize):\n",
    "        initialCov.setEntry(i, i, initData[i]);\n",
    "        for j in range(0,matSize):\n",
    "            initialCov.setEntry(i, j, initData[j]);\n",
    "            initialCov.setEntry(j, i, initData[j]);\n",
    "            #print(initData[j])\n",
    "    return initialCov\n",
    "def initDiag2(initialCov, initData, matSize):\n",
    "    for i in range(0,matSize):\n",
    "        initialCov.setEntry(i, i, initData[i]);\n",
    "    return initialCov\n",
    "\n",
    "matSize = 9\n",
    "Q = MatrixUtils.createRealDiagonalMatrix([10000.0, 0.2, 0.3, 0.3,0.3,0.3, 10.0, 10.0, 10.0])\n",
    "Q = MatrixUtils.createRealDiagonalMatrix([1000.0, 10.0, 10.0, 10.0, 10.0, 10.0, 10.0, 10.0, 10.0])\n",
    "#Q = MatrixUtils.createRealDiagonalMatrix([1e-9, 1e-9, 1e-9, 1e-9, 1e-9, 1e-9, 10.0, 10.0, 10.0])\n",
    "Q = MatrixUtils.createRealDiagonalMatrix([1e-6, 1e-6, 1e-6, 1e-6, 1e-6, 1e-6, 1e-6, 1e-6, 1e-6])\n",
    "\n",
    "initialCov = Array2DRowRealMatrix(matSize,matSize)\n",
    "initData = [25e6, 25e6, 25e6, 1e2, 1e2, 1e2, 1.00, 0.25, 1e-1, 1e-1, 1e-1]\n",
    "initData = [25e6, 0.5, 0.5, 0.5, 0.5, 0.5, 1.00, 0.25, 1e-1, 1e-1,1e-1]\n",
    "initData = [25e10, 1.0, 1.0, 1.0, 1.0, 1.0, 1.0, 1.0, 1.0, 1.0, 1.0]\n",
    "initData = [1e-2, 1e-6, 1e-6, 1e-6, 1e-6, 1e-6, 1e-0, 1e-0, 1e-0, 1e-0 ,1e-0]\n",
    "#initialCov = MatrixUtils.createRealDiagonalMatrix([3.739752914*1*1, 0.00001, 0.00001, 0.00001, 0.00001, 0.00001,3.0, 3.0, 3.0])\n",
    "#initData = [3.739752914*1*1, 0.00001, 0.00001, 0.00001, 0.00001, 0.00001,3.0, 3.0, 3.0]\n",
    "\n",
    "initialCov = initCovLower2(initialCov, initData, matSize)\n",
    "\n",
    " \n",
    "print(initialCov.getRowDimension())\n",
    "\n",
    "# Build the Kalman filter\n",
    "processNoise = ConstantProcessNoise(initialCov, Q)\n",
    "\n",
    "kalman = KalmanEstimatorBuilder().addPropagationConfiguration(kepPropagatorBuilder, processNoise) # KalmanEstimatorBuilder\n",
    "\n",
    "filter = kalman.build() # KalmanEstimator\n"
   ]
  },
  {
   "cell_type": "code",
   "execution_count": 9,
   "metadata": {},
   "outputs": [
    {
     "data": {
      "text/plain": [
       "<Array2DRowRealMatrix: Array2DRowRealMatrix{{0.01,0.01,0.01,0.01,0.01,0.01,0.01,0.01,0.01},{0.01,0.000001,0.000001,0.000001,0.000001,0.000001,0.000001,0.000001,0.000001},{0.01,0.000001,0.000001,0.000001,0.000001,0.000001,0.000001,0.000001,0.000001},{0.01,0.000001,0.000001,0.000001,0.000001,0.000001,0.000001,0.000001,0.000001},{0.01,0.000001,0.000001,0.000001,0.000001,0.000001,0.000001,0.000001,0.000001},{0.01,0.000001,0.000001,0.000001,0.000001,0.000001,0.000001,0.000001,0.000001},{0.01,0.000001,0.000001,0.000001,0.000001,0.000001,1.0,1.0,1.0},{0.01,0.000001,0.000001,0.000001,0.000001,0.000001,1.0,1.0,1.0},{0.01,0.000001,0.000001,0.000001,0.000001,0.000001,1.0,1.0,1.0}}>"
      ]
     },
     "execution_count": 9,
     "metadata": {},
     "output_type": "execute_result"
    }
   ],
   "source": [
    "initialCov"
   ]
  },
  {
   "cell_type": "code",
   "execution_count": 10,
   "metadata": {},
   "outputs": [],
   "source": [
    "def generateEKF(initialOrbit, initialCov, Q):\n",
    "    # Orbit propagator parameters\n",
    "    prop_min_step = 10.0 # s\n",
    "    prop_max_step = 24*3600.0 # s\n",
    "    prop_position_error = 1000.0 # m\n",
    "\n",
    "    # Estimator parameters\n",
    "    estimator_position_scale = 1.0 # m\n",
    "    estimator_convergence_thres = 1e-3\n",
    "    estimator_max_iterations = 25\n",
    "    estimator_max_evaluations = 35\n",
    "    \n",
    "    integratorBuilder = DormandPrince853IntegratorBuilder(prop_min_step, prop_max_step, prop_position_error)\n",
    "    kepPropagatorBuilder = NumericalPropagatorBuilder(initialOrbit,\n",
    "                                                   integratorBuilder,\n",
    "                                                   PositionAngle.MEAN,\n",
    "                                                   estimator_position_scale)\n",
    "    \n",
    "    kepPropagatorBuilder = perturbations(kepPropagatorBuilder)\n",
    "    \n",
    "    plst = kepPropagatorBuilder.getPropagationParametersDrivers()\n",
    "\n",
    "    dragCoefficient = ParameterDriver('Cd', 2.0, 1.0, 1.0, 3.0)\n",
    "    dragCoefficient.setSelected(True)\n",
    "    plst.add(dragCoefficient)\n",
    "\n",
    "    rpCoeffReflection = ParameterDriver('Cr', 1.5, 1.0, 1.0, 2.0)\n",
    "    rpCoeffReflection.setSelected(True)\n",
    "    plst.add(rpCoeffReflection)\n",
    "\n",
    "    estmDMCAcceleration = ParameterDriver('DMC', 0.1, 1.0, -1.0e-2, 1.0e-2)\n",
    "    estmDMCAcceleration.setSelected(True)\n",
    "    plst.add(estmDMCAcceleration)\n",
    "    \n",
    "    processNoise = ConstantProcessNoise(initialCov, Q)\n",
    "\n",
    "    kalman = KalmanEstimatorBuilder().addPropagationConfiguration(kepPropagatorBuilder, processNoise) # KalmanEstimatorBuilder\n",
    "\n",
    "    filter = kalman.build() # KalmanEstimator\n",
    "    \n",
    "    return filter"
   ]
  },
  {
   "cell_type": "code",
   "execution_count": 11,
   "metadata": {
    "tags": []
   },
   "outputs": [
    {
     "name": "stdout",
     "output_type": "stream",
     "text": [
      "30\n",
      "Block failed  0\n",
      "Array2DRowRealMatrix{{525.7253516699,-0.0281121488,-0.0135024219,0.0362301454,-0.009305275,-0.0089374924,0.0003785635,0.0003785635,0.0003785635},{-0.0281121488,0.0000023473,-0.0000000682,-0.0000023526,0.0000005234,-0.0000008165,-0.0000000013,-0.0000000013,-0.0000000013},{-0.0135024219,-0.0000000682,0.0000055066,-0.0000001607,-0.0000000799,0.0000003578,0.0000001805,0.0000001805,0.0000001805},{0.0362301454,-0.0000023526,-0.0000001607,0.0000031856,-0.000000875,-0.0000011573,-0.0000000302,-0.0000000302,-0.0000000302},{-0.009305275,0.0000005234,-0.0000000799,-0.000000875,0.0000002699,0.0000006606,0.0000000081,0.0000000081,0.0000000081},{-0.0089374924,-0.0000008165,0.0000003578,-0.0000011573,0.0000006606,0.0000050087,0.0000000693,0.0000000693,0.0000000693},{0.0003785635,-0.0000000013,0.0000001805,-0.0000000302,0.0000000081,0.0000000693,1.0000052413,0.9999992413,0.9999992413},{0.0003785635,-0.0000000013,0.0000001805,-0.0000000302,0.0000000081,0.0000000693,0.9999992413,1.0000052413,0.9999992413},{0.0003785635,-0.0000000013,0.0000001805,-0.0000000302,0.0000000081,0.0000000693,0.9999992413,0.9999992413,1.0000052413}}\n",
      "7007538.104497471 5.551115123125783e-17 1.6337425908632963\n",
      "Block failed  1\n",
      "Array2DRowRealMatrix{{305.5819837311,-0.0052955421,-0.0147857343,0.0160495531,0.0015507353,-0.0183430491,0.000334598,0.000334598,0.000334598},{-0.0052955421,0.0000007689,0.000000067,-0.0000002315,-0.0000002235,0.0000009497,0.0000000108,0.0000000108,0.0000000108},{-0.0147857343,0.000000067,0.0000064991,-0.0000002786,-0.0000000205,0.0000002949,0.0000001801,0.0000001801,0.0000001801},{0.0160495531,-0.0000002315,-0.0000002786,0.0000023315,0.0000000679,-0.0000021291,-0.0000000352,-0.0000000352,-0.0000000352},{0.0015507353,-0.0000002235,-0.0000000205,0.0000000679,0.000000065,-0.0000002766,-0.0000000031,-0.0000000031,-0.0000000031},{-0.0183430491,0.0000009497,0.0000002949,-0.0000021291,-0.0000002766,0.0000026751,0.0000000394,0.0000000394,0.0000000394},{0.000334598,0.0000000108,0.0000001801,-0.0000000352,-0.0000000031,0.0000000394,1.0000062411,0.9999992411,0.9999992411},{0.000334598,0.0000000108,0.0000001801,-0.0000000352,-0.0000000031,0.0000000394,0.9999992411,1.0000062411,0.9999992411},{0.000334598,0.0000000108,0.0000001801,-0.0000000352,-0.0000000031,0.0000000394,0.9999992411,0.9999992411,1.0000062411}}\n",
      "6997207.806485471 1.3877787807814457e-17 1.698979903524276\n",
      "Block failed  2\n",
      "Array2DRowRealMatrix{{305.5819847303,-0.0052955288,-0.0147857343,0.0160495475,0.001550758,-0.0183430559,0.000334598,0.000334598,0.000334598},{-0.0052955288,0.0000013666,0.000000067,0.0000000581,-0.0000003972,0.0000013053,0.0000000108,0.0000000108,0.0000000108},{-0.0147857343,0.000000067,0.0000074991,-0.0000002787,-0.0000000206,0.0000002949,0.0000001801,0.0000001801,0.0000001801},{0.0160495475,0.0000000581,-0.0000002787,0.0000030732,-0.0000000162,-0.0000024464,-0.0000000352,-0.0000000352,-0.0000000352},{0.001550758,-0.0000003972,-0.0000000206,-0.0000000162,0.0000001154,-0.0000003799,-0.0000000031,-0.0000000031,-0.0000000031},{-0.0183430559,0.0000013053,0.0000002949,-0.0000024464,-0.0000003799,0.0000032852,0.0000000394,0.0000000394,0.0000000394},{0.000334598,0.0000000108,0.0000001801,-0.0000000352,-0.0000000031,0.0000000394,1.0000072411,0.9999992411,0.9999992411},{0.000334598,0.0000000108,0.0000001801,-0.0000000352,-0.0000000031,0.0000000394,0.9999992411,1.0000072411,0.9999992411},{0.000334598,0.0000000108,0.0000001801,-0.0000000352,-0.0000000031,0.0000000394,0.9999992411,0.9999992411,1.0000072411}}\n",
      "6999999.990438979 1.3877787807814457e-17 1.7105069727915774\n",
      "Block failed  3\n",
      "Array2DRowRealMatrix{{305.5819857302,-0.0052955288,-0.0147857343,0.0160495475,0.001550758,-0.0183430559,0.000334598,0.000334598,0.000334598},{-0.0052955288,0.0000019644,0.0000000669,0.0000003476,-0.0000005708,0.000001661,0.0000000108,0.0000000108,0.0000000108},{-0.0147857343,0.0000000669,0.0000084991,-0.0000002787,-0.0000000206,0.0000002949,0.0000001801,0.0000001801,0.0000001801},{0.0160495475,0.0000003476,-0.0000002787,0.0000038148,-0.0000001003,-0.0000027638,-0.0000000352,-0.0000000352,-0.0000000352},{0.001550758,-0.0000005708,-0.0000000206,-0.0000001003,0.0000001659,-0.0000004832,-0.0000000031,-0.0000000031,-0.0000000031},{-0.0183430559,0.000001661,0.0000002949,-0.0000027638,-0.0000004832,0.0000038954,0.0000000394,0.0000000394,0.0000000394},{0.000334598,0.0000000108,0.0000001801,-0.0000000352,-0.0000000031,0.0000000394,1.0000082411,0.9999992411,0.9999992411},{0.000334598,0.0000000108,0.0000001801,-0.0000000352,-0.0000000031,0.0000000394,0.9999992411,1.0000082411,0.9999992411},{0.000334598,0.0000000108,0.0000001801,-0.0000000352,-0.0000000031,0.0000000394,0.9999992411,0.9999992411,1.0000082411}}\n",
      "7000000.000002748 1.3877787807814457e-17 1.7105070149552672\n",
      "Block failed  4\n",
      "Array2DRowRealMatrix{{305.5819867302,-0.0052955288,-0.0147857343,0.0160495475,0.0015507581,-0.0183430559,0.000334598,0.000334598,0.000334598},{-0.0052955288,0.0000025621,0.0000000669,0.0000006371,-0.0000007444,0.0000020166,0.0000000108,0.0000000108,0.0000000108},{-0.0147857343,0.0000000669,0.0000094991,-0.0000002787,-0.0000000207,0.0000002949,0.0000001801,0.0000001801,0.0000001801},{0.0160495475,0.0000006371,-0.0000002787,0.0000045565,-0.0000001844,-0.0000030811,-0.0000000352,-0.0000000352,-0.0000000352},{0.0015507581,-0.0000007444,-0.0000000207,-0.0000001844,0.0000002163,-0.0000005865,-0.0000000031,-0.0000000031,-0.0000000031},{-0.0183430559,0.0000020166,0.0000002949,-0.0000030811,-0.0000005865,0.0000045056,0.0000000394,0.0000000394,0.0000000394},{0.000334598,0.0000000108,0.0000001801,-0.0000000352,-0.0000000031,0.0000000394,1.0000092411,0.9999992411,0.9999992411},{0.000334598,0.0000000108,0.0000001801,-0.0000000352,-0.0000000031,0.0000000394,0.9999992411,1.0000092411,0.9999992411},{0.000334598,0.0000000108,0.0000001801,-0.0000000352,-0.0000000031,0.0000000394,0.9999992411,0.9999992411,1.0000092411}}\n",
      "7000000.000002781 1.3877787807814457e-17 1.71050701473302\n",
      "Block failed  5\n",
      "Array2DRowRealMatrix{{305.5819877301,-0.0052955288,-0.0147857343,0.0160495475,0.0015507581,-0.0183430559,0.000334598,0.000334598,0.000334598},{-0.0052955288,0.0000031599,0.0000000669,0.0000009266,-0.0000009181,0.0000023722,0.0000000108,0.0000000108,0.0000000108},{-0.0147857343,0.0000000669,0.0000104991,-0.0000002787,-0.0000000208,0.0000002949,0.0000001801,0.0000001801,0.0000001801},{0.0160495475,0.0000009266,-0.0000002787,0.0000052981,-0.0000002685,-0.0000033985,-0.0000000352,-0.0000000352,-0.0000000352},{0.0015507581,-0.0000009181,-0.0000000208,-0.0000002685,0.0000002667,-0.0000006898,-0.0000000031,-0.0000000031,-0.0000000031},{-0.0183430559,0.0000023722,0.0000002949,-0.0000033985,-0.0000006898,0.0000051157,0.0000000394,0.0000000394,0.0000000394},{0.000334598,0.0000000108,0.0000001801,-0.0000000352,-0.0000000031,0.0000000394,1.0000102411,0.9999992411,0.9999992411},{0.000334598,0.0000000108,0.0000001801,-0.0000000352,-0.0000000031,0.0000000394,0.9999992411,1.0000102411,0.9999992411},{0.000334598,0.0000000108,0.0000001801,-0.0000000352,-0.0000000031,0.0000000394,0.9999992411,0.9999992411,1.0000102411}}\n",
      "7000000.000002781 1.3877787807814457e-17 1.7105070145106211\n",
      "Block failed  6\n",
      "Array2DRowRealMatrix{{305.5819887301,-0.0052955288,-0.0147857343,0.0160495475,0.0015507581,-0.0183430559,0.000334598,0.000334598,0.000334598},{-0.0052955288,0.0000037576,0.0000000669,0.0000012161,-0.0000010917,0.0000027279,0.0000000108,0.0000000108,0.0000000108},{-0.0147857343,0.0000000669,0.0000114991,-0.0000002787,-0.0000000208,0.0000002949,0.0000001801,0.0000001801,0.0000001801},{0.0160495475,0.0000012161,-0.0000002787,0.0000060398,-0.0000003526,-0.0000037159,-0.0000000352,-0.0000000352,-0.0000000352},{0.0015507581,-0.0000010917,-0.0000000208,-0.0000003526,0.0000003172,-0.0000007931,-0.0000000031,-0.0000000031,-0.0000000031},{-0.0183430559,0.0000027279,0.0000002949,-0.0000037159,-0.0000007931,0.0000057259,0.0000000394,0.0000000394,0.0000000394},{0.000334598,0.0000000108,0.0000001801,-0.0000000352,-0.0000000031,0.0000000394,1.0000112411,0.9999992411,0.9999992411},{0.000334598,0.0000000108,0.0000001801,-0.0000000352,-0.0000000031,0.0000000394,0.9999992411,1.0000112411,0.9999992411},{0.000334598,0.0000000108,0.0000001801,-0.0000000352,-0.0000000031,0.0000000394,0.9999992411,0.9999992411,1.0000112411}}\n",
      "7000000.000002781 1.3877787807814457e-17 1.7105070142882222\n",
      "Block failed  7\n",
      "Array2DRowRealMatrix{{305.58198973,-0.0052955288,-0.0147857343,0.0160495474,0.0015507581,-0.0183430559,0.000334598,0.000334598,0.000334598},{-0.0052955288,0.0000043554,0.0000000669,0.0000015057,-0.0000012653,0.0000030835,0.0000000108,0.0000000108,0.0000000108},{-0.0147857343,0.0000000669,0.0000124991,-0.0000002787,-0.0000000209,0.0000002948,0.0000001801,0.0000001801,0.0000001801},{0.0160495474,0.0000015057,-0.0000002787,0.0000067814,-0.0000004367,-0.0000040332,-0.0000000352,-0.0000000352,-0.0000000352},{0.0015507581,-0.0000012653,-0.0000000209,-0.0000004367,0.0000003676,-0.0000008964,-0.0000000031,-0.0000000031,-0.0000000031},{-0.0183430559,0.0000030835,0.0000002948,-0.0000040332,-0.0000008964,0.0000063361,0.0000000394,0.0000000394,0.0000000394},{0.000334598,0.0000000108,0.0000001801,-0.0000000352,-0.0000000031,0.0000000394,1.0000122411,0.9999992411,0.9999992411},{0.000334598,0.0000000108,0.0000001801,-0.0000000352,-0.0000000031,0.0000000394,0.9999992411,1.0000122411,0.9999992411},{0.000334598,0.0000000108,0.0000001801,-0.0000000352,-0.0000000031,0.0000000394,0.9999992411,0.9999992411,1.0000122411}}\n",
      "7000000.000002781 1.3877787807814457e-17 1.7105070140658232\n",
      "Block failed  8\n",
      "Array2DRowRealMatrix{{305.58199073,-0.0052955288,-0.0147857343,0.0160495474,0.0015507581,-0.0183430559,0.000334598,0.000334598,0.000334598},{-0.0052955288,0.0000049531,0.0000000669,0.0000017952,-0.000001439,0.0000034391,0.0000000108,0.0000000108,0.0000000108},{-0.0147857343,0.0000000669,0.0000134991,-0.0000002787,-0.000000021,0.0000002948,0.0000001801,0.0000001801,0.0000001801},{0.0160495474,0.0000017952,-0.0000002787,0.000007523,-0.0000005208,-0.0000043506,-0.0000000352,-0.0000000352,-0.0000000352},{0.0015507581,-0.000001439,-0.000000021,-0.0000005208,0.000000418,-0.0000009997,-0.0000000031,-0.0000000031,-0.0000000031},{-0.0183430559,0.0000034391,0.0000002948,-0.0000043506,-0.0000009997,0.0000069462,0.0000000394,0.0000000394,0.0000000394},{0.000334598,0.0000000108,0.0000001801,-0.0000000352,-0.0000000031,0.0000000394,1.0000132411,0.9999992411,0.9999992411},{0.000334598,0.0000000108,0.0000001801,-0.0000000352,-0.0000000031,0.0000000394,0.9999992411,1.0000132411,0.9999992411},{0.000334598,0.0000000108,0.0000001801,-0.0000000352,-0.0000000031,0.0000000394,0.9999992411,0.9999992411,1.0000132411}}\n",
      "7000000.000002781 1.3877787807814457e-17 1.7105070138434242\n",
      "Block failed  9\n",
      "Array2DRowRealMatrix{{305.5819917299,-0.0052955288,-0.0147857343,0.0160495474,0.0015507581,-0.0183430559,0.000334598,0.000334598,0.000334598},{-0.0052955288,0.0000055509,0.0000000669,0.0000020847,-0.0000016126,0.0000037948,0.0000000108,0.0000000108,0.0000000108},{-0.0147857343,0.0000000669,0.0000144991,-0.0000002787,-0.0000000211,0.0000002948,0.0000001801,0.0000001801,0.0000001801},{0.0160495474,0.0000020847,-0.0000002787,0.0000082647,-0.0000006049,-0.0000046679,-0.0000000352,-0.0000000352,-0.0000000352},{0.0015507581,-0.0000016126,-0.0000000211,-0.0000006049,0.0000004685,-0.000001103,-0.0000000031,-0.0000000031,-0.0000000031},{-0.0183430559,0.0000037948,0.0000002948,-0.0000046679,-0.000001103,0.0000075564,0.0000000394,0.0000000394,0.0000000394},{0.000334598,0.0000000108,0.0000001801,-0.0000000352,-0.0000000031,0.0000000394,1.0000142411,0.9999992411,0.9999992411},{0.000334598,0.0000000108,0.0000001801,-0.0000000352,-0.0000000031,0.0000000394,0.9999992411,1.0000142411,0.9999992411},{0.000334598,0.0000000108,0.0000001801,-0.0000000352,-0.0000000031,0.0000000394,0.9999992411,0.9999992411,1.0000142411}}\n",
      "7000000.000002781 1.3877787807814457e-17 1.7105070136210252\n",
      "Block failed  10\n",
      "Array2DRowRealMatrix{{305.5819927299,-0.0052955288,-0.0147857343,0.0160495474,0.0015507581,-0.0183430559,0.000334598,0.000334598,0.000334598},{-0.0052955288,0.0000061487,0.0000000669,0.0000023742,-0.0000017862,0.0000041504,0.0000000108,0.0000000108,0.0000000108},{-0.0147857343,0.0000000669,0.0000154991,-0.0000002787,-0.0000000211,0.0000002948,0.0000001801,0.0000001801,0.0000001801},{0.0160495474,0.0000023742,-0.0000002787,0.0000090063,-0.000000689,-0.0000049853,-0.0000000352,-0.0000000352,-0.0000000352},{0.0015507581,-0.0000017862,-0.0000000211,-0.000000689,0.0000005189,-0.0000012063,-0.0000000031,-0.0000000031,-0.0000000031},{-0.0183430559,0.0000041504,0.0000002948,-0.0000049853,-0.0000012063,0.0000081666,0.0000000394,0.0000000394,0.0000000394},{0.000334598,0.0000000108,0.0000001801,-0.0000000352,-0.0000000031,0.0000000394,1.0000152411,0.9999992411,0.9999992411},{0.000334598,0.0000000108,0.0000001801,-0.0000000352,-0.0000000031,0.0000000394,0.9999992411,1.0000152411,0.9999992411},{0.000334598,0.0000000108,0.0000001801,-0.0000000352,-0.0000000031,0.0000000394,0.9999992411,0.9999992411,1.0000152411}}\n",
      "7000000.000002781 1.3877787807814457e-17 1.710507013398626\n",
      "Block failed  11\n",
      "Array2DRowRealMatrix{{305.5819937298,-0.0052955288,-0.0147857343,0.0160495474,0.0015507581,-0.0183430559,0.000334598,0.000334598,0.000334598},{-0.0052955288,0.0000067464,0.0000000669,0.0000026637,-0.0000019599,0.000004506,0.0000000108,0.0000000108,0.0000000108},{-0.0147857343,0.0000000669,0.0000164991,-0.0000002787,-0.0000000212,0.0000002948,0.0000001801,0.0000001801,0.0000001801},{0.0160495474,0.0000026637,-0.0000002787,0.000009748,-0.0000007731,-0.0000053026,-0.0000000352,-0.0000000352,-0.0000000352},{0.0015507581,-0.0000019599,-0.0000000212,-0.0000007731,0.0000005694,-0.0000013096,-0.0000000031,-0.0000000031,-0.0000000031},{-0.0183430559,0.000004506,0.0000002948,-0.0000053026,-0.0000013096,0.0000087767,0.0000000394,0.0000000394,0.0000000394},{0.000334598,0.0000000108,0.0000001801,-0.0000000352,-0.0000000031,0.0000000394,1.0000162411,0.9999992411,0.9999992411},{0.000334598,0.0000000108,0.0000001801,-0.0000000352,-0.0000000031,0.0000000394,0.9999992411,1.0000162411,0.9999992411},{0.000334598,0.0000000108,0.0000001801,-0.0000000352,-0.0000000031,0.0000000394,0.9999992411,0.9999992411,1.0000162411}}\n",
      "7000000.000002781 1.3877787807814457e-17 1.710507013176227\n",
      "Block failed  12\n",
      "Array2DRowRealMatrix{{305.5819947298,-0.0052955288,-0.0147857343,0.0160495474,0.0015507581,-0.0183430559,0.000334598,0.000334598,0.000334598},{-0.0052955288,0.0000073442,0.0000000669,0.0000029532,-0.0000021335,0.0000048617,0.0000000108,0.0000000108,0.0000000108},{-0.0147857343,0.0000000669,0.0000174991,-0.0000002787,-0.0000000213,0.0000002948,0.0000001801,0.0000001801,0.0000001801},{0.0160495474,0.0000029532,-0.0000002787,0.0000104896,-0.0000008572,-0.00000562,-0.0000000352,-0.0000000352,-0.0000000352},{0.0015507581,-0.0000021335,-0.0000000213,-0.0000008572,0.0000006198,-0.0000014129,-0.0000000031,-0.0000000031,-0.0000000031},{-0.0183430559,0.0000048617,0.0000002948,-0.00000562,-0.0000014129,0.0000093869,0.0000000394,0.0000000394,0.0000000394},{0.000334598,0.0000000108,0.0000001801,-0.0000000352,-0.0000000031,0.0000000394,1.0000172411,0.9999992411,0.9999992411},{0.000334598,0.0000000108,0.0000001801,-0.0000000352,-0.0000000031,0.0000000394,0.9999992411,1.0000172411,0.9999992411},{0.000334598,0.0000000108,0.0000001801,-0.0000000352,-0.0000000031,0.0000000394,0.9999992411,0.9999992411,1.0000172411}}\n",
      "7000000.000002781 1.3877787807814457e-17 1.710507012953828\n",
      "Block failed  13\n",
      "Array2DRowRealMatrix{{305.5819957297,-0.0052955288,-0.0147857343,0.0160495474,0.0015507581,-0.0183430559,0.000334598,0.000334598,0.000334598},{-0.0052955288,0.0000079419,0.0000000668,0.0000032428,-0.0000023071,0.0000052173,0.0000000108,0.0000000108,0.0000000108},{-0.0147857343,0.0000000668,0.0000184991,-0.0000002787,-0.0000000213,0.0000002948,0.0000001801,0.0000001801,0.0000001801},{0.0160495474,0.0000032428,-0.0000002787,0.0000112313,-0.0000009413,-0.0000059374,-0.0000000352,-0.0000000352,-0.0000000352},{0.0015507581,-0.0000023071,-0.0000000213,-0.0000009413,0.0000006702,-0.0000015162,-0.0000000031,-0.0000000031,-0.0000000031},{-0.0183430559,0.0000052173,0.0000002948,-0.0000059374,-0.0000015162,0.0000099971,0.0000000394,0.0000000394,0.0000000394},{0.000334598,0.0000000108,0.0000001801,-0.0000000352,-0.0000000031,0.0000000394,1.0000182411,0.9999992411,0.9999992411},{0.000334598,0.0000000108,0.0000001801,-0.0000000352,-0.0000000031,0.0000000394,0.9999992411,1.0000182411,0.9999992411},{0.000334598,0.0000000108,0.0000001801,-0.0000000352,-0.0000000031,0.0000000394,0.9999992411,0.9999992411,1.0000182411}}\n",
      "7000000.000002781 1.3877787807814457e-17 1.710507012731429\n"
     ]
    },
    {
     "ename": "KeyboardInterrupt",
     "evalue": "",
     "output_type": "error",
     "traceback": [
      "\u001b[0;31m---------------------------------------------------------------------------\u001b[0m",
      "\u001b[0;31mJavaError\u001b[0m                                 Traceback (most recent call last)",
      "\u001b[0;32m<ipython-input-11-2d0cae4e3026>\u001b[0m in \u001b[0;36m<module>\u001b[0;34m\u001b[0m\n\u001b[1;32m     87\u001b[0m         \u001b[0;32mtry\u001b[0m\u001b[0;34m:\u001b[0m\u001b[0;34m\u001b[0m\u001b[0;34m\u001b[0m\u001b[0m\n\u001b[0;32m---> 88\u001b[0;31m             \u001b[0mfilter\u001b[0m\u001b[0;34m.\u001b[0m\u001b[0mestimationStep\u001b[0m\u001b[0;34m(\u001b[0m\u001b[0morekitAzEl\u001b[0m\u001b[0;34m)\u001b[0m\u001b[0;34m\u001b[0m\u001b[0;34m\u001b[0m\u001b[0m\n\u001b[0m\u001b[1;32m     89\u001b[0m \u001b[0;34m\u001b[0m\u001b[0m\n",
      "\u001b[0;31mJavaError\u001b[0m: <super: <class 'JavaError'>, <JavaError object>>\n    Java stacktrace:\norg.orekit.errors.OrekitException: invalid parameter eccentricity: -0 not in range [0, ∞]\n\tat org.orekit.orbits.KeplerianOrbit.checkParameterRangeInclusive(KeplerianOrbit.java:1620)\n\tat org.orekit.orbits.KeplerianOrbit.<init>(KeplerianOrbit.java:205)\n\tat org.orekit.orbits.KeplerianOrbit.<init>(KeplerianOrbit.java:163)\n\tat org.orekit.orbits.OrbitType$4.mapArrayToOrbit(OrbitType.java:492)\n\tat org.orekit.orbits.OrbitType$4.mapArrayToOrbit(OrbitType.java:448)\n\tat org.orekit.propagation.numerical.NumericalPropagator$OsculatingMapper.mapArrayToState(NumericalPropagator.java:435)\n\tat org.orekit.propagation.integration.StateMapper.mapArrayToState(StateMapper.java:167)\n\tat org.orekit.propagation.integration.AbstractIntegratedPropagator$ConvertedMainStateEquations.computeDerivatives(AbstractIntegratedPropagator.java:674)\n\tat org.hipparchus.ode.ExpandableODE.computeDerivatives(ExpandableODE.java:134)\n\tat org.hipparchus.ode.AbstractIntegrator.computeDerivatives(AbstractIntegrator.java:265)\n\tat org.hipparchus.ode.nonstiff.EmbeddedRungeKuttaIntegrator.integrate(EmbeddedRungeKuttaIntegrator.java:257)\n\tat org.orekit.propagation.integration.AbstractIntegratedPropagator.propagate(AbstractIntegratedPropagator.java:469)\n\tat org.orekit.propagation.integration.AbstractIntegratedPropagator.propagate(AbstractIntegratedPropagator.java:414)\n\tat org.orekit.propagation.integration.AbstractIntegratedPropagator.propagate(AbstractIntegratedPropagator.java:397)\n\tat org.orekit.estimation.sequential.KalmanModel.predictState(KalmanModel.java:1028)\n\tat org.orekit.estimation.sequential.KalmanModel.getEvolution(KalmanModel.java:897)\n\tat org.orekit.estimation.sequential.KalmanModel.getEvolution(KalmanModel.java:58)\n\tat org.hipparchus.filtering.kalman.extended.ExtendedKalmanFilter.estimationStep(ExtendedKalmanFilter.java:56)\n\tat org.orekit.estimation.sequential.KalmanEstimator.estimationStep(KalmanEstimator.java:218)\n",
      "\nDuring handling of the above exception, another exception occurred:\n",
      "\u001b[0;31mKeyboardInterrupt\u001b[0m                         Traceback (most recent call last)",
