{
 "cells": [
  {
   "cell_type": "code",
   "execution_count": 1,
   "metadata": {},
   "outputs": [],
   "source": [
    "# Propagation from AZ/EL observations\n",
    "# Perturbation:\n",
    "# N/A\n",
    "# Maneuver: \n",
    "# No\n",
    "\n",
    "# IOD\n",
    "# Given from propagation_issX\n",
    "\n",
    "# Obserbation:\n",
    "# AZ/EL\n",
    "# TOD / IERS_2010\n",
    "\n",
    "# Output:\n",
    "# TBD\n",
    "\n",
    "# Remark: Implementation of the Orbdetpy methods Estimation.java"
   ]
  },
  {
   "cell_type": "code",
   "execution_count": 2,
   "metadata": {},
   "outputs": [],
   "source": [
    "%matplotlib inline\n",
    "\n",
    "from math import radians, pi, degrees\n",
    "import pandas as pd\n",
    "import numpy as np\n",
    "import plotly.express as px\n",
    "from scipy import signal\n",
    "\n",
    "import orekit\n",
    "vm = orekit.initVM()\n",
    "\n",
    "from orekit.pyhelpers import setup_orekit_curdir, absolutedate_to_datetime\n",
    "setup_orekit_curdir()\n",
    "\n",
    "from org.orekit.orbits import KeplerianOrbit, PositionAngle\n",
    "from org.orekit.propagation.analytical import KeplerianPropagator\n",
    "from org.orekit.time import AbsoluteDate, TimeScalesFactory, TimeScale\n",
    "from org.orekit.utils import Constants\n",
    "from org.orekit.frames import FramesFactory, TopocentricFrame\n",
    "from org.orekit.bodies import OneAxisEllipsoid, GeodeticPoint\n",
    "from org.hipparchus.geometry.euclidean.threed import Vector3D\n",
    "from org.orekit.attitudes import LofOffset\n",
    "from org.orekit.bodies import CelestialBodyFactory, OneAxisEllipsoid\n",
    "from org.orekit.forces.drag import IsotropicDrag\n",
    "from org.orekit.forces.gravity.potential import GravityFieldFactory\n",
    "from org.orekit.forces.maneuvers import ImpulseManeuver\n",
    "from org.orekit.frames import FramesFactory, LOFType, EOPHistory\n",
    "from org.orekit.models.earth.atmosphere import HarrisPriester\n",
    "from org.orekit.orbits import CircularOrbit, OrbitType, PositionAngle\n",
    "from org.orekit.propagation import PropagationType, SpacecraftState\n",
    "from org.orekit.propagation.events import DateDetector, EventEnablingPredicateFilter, PythonEnablingPredicate,\\\n",
    "     PositionAngleDetector, PythonEventDetector, AbstractDetector, EventDetector\n",
    "from org.orekit.propagation.conversion import DormandPrince853IntegratorBuilder, DSSTPropagatorBuilder, \\\n",
    "     ClassicalRungeKuttaIntegratorBuilder, EulerIntegratorBuilder\n",
    "from org.orekit.propagation.semianalytical.dsst.forces import DSSTAtmosphericDrag, DSSTNewtonianAttraction, DSSTZonal\n",
    "from org.orekit.time import AbsoluteDate, TimeScalesFactory\n",
    "from org.orekit.utils import Constants, IERSConventions, PVCoordinatesProvider\n",
    "from orekit.pyhelpers import absolutedate_to_datetime\n",
    "from org.hipparchus.linear import RealMatrix\n",
    "from org.hipparchus.linear import QRDecomposer, AbstractRealMatrix\n",
    "from org.hipparchus.optim.nonlinear.vector.leastsquares import GaussNewtonOptimizer\n",
    "from org.orekit.estimation.leastsquares import BatchLSEstimator\n",
    "from org.orekit.propagation.numerical import NumericalPropagator\n",
    "from org.orekit.propagation.conversion import AbstractPropagatorBuilder, PropagatorBuilder\n",
    "\n",
    "from org.orekit.estimation.measurements import AngularAzEl\n",
    "from org.orekit.estimation.measurements import ObservableSatellite\n",
    "from org.orekit.estimation.measurements import GroundStation\n",
    "from org.orekit.estimation.sequential import KalmanEstimatorBuilder\n",
    "from org.orekit.estimation.sequential import KalmanEstimator\n",
    "from org.orekit.estimation.sequential import KalmanEstimation,AbstractCovarianceMatrixProvider\n",
    "from org.orekit.estimation.measurements import *\n",
    "from org.orekit.estimation.iod import IodGooding, IodLaplace\n",
    "\n",
    "from orekit.pyhelpers import absolutedate_to_datetime, datetime_to_absolutedate, JArray_double2D\n",
    "from collections import namedtuple\n",
    "from org.orekit.time import Month\n",
    "from orekit import JArray\n",
    "\n",
    "from org.orekit.estimation.sequential import KalmanEstimator, KalmanEstimatorBuilder, CovarianceMatrixProvider, ConstantProcessNoise\n",
    "from org.orekit.orbits import Orbit\n",
    "from org.hipparchus.linear import MatrixUtils\n",
    "\n",
    "from org.orekit.propagation.conversion import DormandPrince853IntegratorBuilder\n",
    "from org.orekit.propagation.conversion import NumericalPropagatorBuilder\n",
    "from org.orekit.orbits import PositionAngle\n",
    "\n",
    "from org.orekit.forces.gravity.potential import GravityFieldFactory\n",
    "from org.orekit.forces.gravity import HolmesFeatherstoneAttractionModel\n",
    "\n",
    "from org.orekit.utils import ParameterDriver\n",
    "\n",
    "from org.hipparchus.linear import Array2DRowRealMatrix  \n",
    "from org.orekit.estimation.sequential import KalmanEstimatorBuilder, KalmanEstimation\n",
    "from org.orekit.orbits import CartesianOrbit, Orbit\n",
    "from org.orekit.utils import TimeStampedPVCoordinates\n",
    "\n"
   ]
  },
  {
   "cell_type": "code",
   "execution_count": 3,
   "metadata": {},
   "outputs": [],
   "source": [
    "def initCov(initialCov, initData, matSize):\n",
    "    for i in range(0,matSize):\n",
    "        initialCov.setEntry(i, i, 1.0);\n",
    "        for j in range(0,i):\n",
    "            initialCov.setEntry(i, j, initData[j]);\n",
    "            initialCov.setEntry(j, i, initData[j]);\n",
    "            #print(initData[j])\n",
    "    return initialCov\n",
    "\n",
    "def getAzElDate(datetime, ref):\n",
    "    year = int(datetime[1:5])\n",
    "    month = int(datetime[6:8])\n",
    "    day = int(datetime[9:11])\n",
    "    hour = int(datetime[12:14])\n",
    "    minute = int(datetime[15:17])\n",
    "    second = int(datetime[18:20])\n",
    "    return AbsoluteDate(year, Month.getMonth(month), day, hour, minute, 0.0, ref)"
   ]
  },
  {
   "cell_type": "code",
   "execution_count": 4,
   "metadata": {},
   "outputs": [],
   "source": [
    "# ADS Inputs\n",
    "a = 7000000.0  \n",
    "e = 0.1\n",
    "i = radians(98.0)     \n",
    "omega = radians(0.0)   # perigee argument\n",
    "raan = radians(90.0)  # right ascension of ascending node\n",
    "lv = radians(0.0)#0.1)    # True anomaly\n",
    "\n",
    "\n",
    "#mass = 625.0\n",
    "utc = TimeScalesFactory.getUTC()\n",
    "initialDate = AbsoluteDate(2020, 1, 1, 8, 33, 00.000, utc)\n",
    "\n",
    "## Inertial frame where the satellite is defined\n",
    "inertialFrame =  FramesFactory.getTOD(IERSConventions.IERS_2010, False)\n",
    "earth = OneAxisEllipsoid(Constants.WGS84_EARTH_EQUATORIAL_RADIUS, \n",
    "                         Constants.WGS84_EARTH_FLATTENING, \n",
    "                         inertialFrame)\n",
    "\n",
    "## Orbit construction as Keplerian\n",
    "initialOrbit = KeplerianOrbit(a, e, i, omega, raan, lv,\n",
    "                              PositionAngle.TRUE,\n",
    "                              inertialFrame, initialDate, Constants.WGS84_EARTH_MU)\n",
    "\n",
    "# Orbit propagator parameters\n",
    "prop_min_step = 10.0 # s\n",
    "prop_max_step = 24*3600.0 # s\n",
    "prop_position_error = 1000.0 # m\n",
    "\n",
    "# Estimator parameters\n",
    "estimator_position_scale = 1.0 # m\n",
    "estimator_convergence_thres = 1e-3\n",
    "estimator_max_iterations = 25\n",
    "estimator_max_evaluations = 35\n"
   ]
  },
  {
   "cell_type": "code",
   "execution_count": 5,
   "metadata": {},
   "outputs": [],
   "source": [
    "# 182\n",
    "\n",
    "integratorBuilder = DormandPrince853IntegratorBuilder(prop_min_step, prop_max_step, prop_position_error)\n",
    "kepPropagatorBuilder = NumericalPropagatorBuilder(initialOrbit,\n",
    "                                                   integratorBuilder,\n",
    "                                                   PositionAngle.MEAN,\n",
    "                                                   estimator_position_scale)\n",
    "\n"
   ]
  },
  {
   "cell_type": "code",
   "execution_count": 6,
   "metadata": {},
   "outputs": [],
   "source": [
    "def perturbations(kepPropagatorBuilder):\n",
    "    \n",
    "    \n",
    "    # Earth gravity field with degree 20 and order 20\n",
    "    gravityProvider = GravityFieldFactory.getConstantNormalizedProvider(20,20)\n",
    "    gravityAttractionModel = HolmesFeatherstoneAttractionModel(inertialFrame, gravityProvider)\n",
    "    kepPropagatorBuilder.addForceModel(gravityAttractionModel)\n",
    "\n",
    "    \n",
    "    \n",
    "    moon = CelestialBodyFactory.getMoon()\n",
    "    sun = CelestialBodyFactory.getSun()\n",
    "    # Moon and Sun perturbations\n",
    "    from org.orekit.forces.gravity import ThirdBodyAttraction\n",
    "    moon_3dbodyattraction = ThirdBodyAttraction(moon)\n",
    "    kepPropagatorBuilder.addForceModel(moon_3dbodyattraction)\n",
    "    sun_3dbodyattraction = ThirdBodyAttraction(sun)\n",
    "    kepPropagatorBuilder.addForceModel(sun_3dbodyattraction)\n",
    "\n",
    "    # Solar radiation pressure\n",
    "    from org.orekit.forces.radiation import IsotropicRadiationSingleCoefficient\n",
    "    isotropicRadiationSingleCoeff = IsotropicRadiationSingleCoefficient(20.0, 1.5);\n",
    "    from org.orekit.forces.radiation import SolarRadiationPressure\n",
    "    from org.orekit.models.earth import ReferenceEllipsoid\n",
    "    wgs84Ellipsoid = ReferenceEllipsoid.getWgs84(inertialFrame)\n",
    "    solarRadiationPressure = SolarRadiationPressure(sun, wgs84Ellipsoid.getEquatorialRadius(),\n",
    "                                                    isotropicRadiationSingleCoeff)\n",
    "    kepPropagatorBuilder.addForceModel(solarRadiationPressure)\n",
    "    from org.orekit.utils import Constants as orekit_constants\n",
    "    # Atmospheric drag\n",
    "    #from org.orekit.forces.drag.atmosphere.data import MarshallSolarActivityFutureEstimation\n",
    "    #msafe = MarshallSolarActivityFutureEstimation(\n",
    "    #    '(?:Jan|Feb|Mar|Apr|May|Jun|Jul|Aug|Sep|Oct|Nov|Dec)\\p{Digit}\\p{Digit}\\p{Digit}\\p{Digit}F10\\.(?:txt|TXT)',\n",
    "    #    MarshallSolarActivityFutureEstimation.StrengthLevel.AVERAGE)\n",
    "    #DM.feed(msafe.getSupportedNames(), msafe) # Feeding the F10.7 bulletins to Orekit's data manager\n",
    "\n",
    "    #from org.orekit.forces.drag.atmosphere import NRLMSISE00\n",
    "    #atmosphere = NRLMSISE00(msafe, sun, wgs84Ellipsoid)\n",
    "    #from org.orekit.forces.drag.atmosphere import DTM2000\n",
    "    #atmosphere = DTM2000(msafe, sun, wgs84Ellipsoid)\n",
    "    #from org.orekit.forces.drag import IsotropicDrag\n",
    "    #isotropicDrag = IsotropicDrag(sat_list[sc_name]['cross_section'], sat_list[sc_name]['cd'])\n",
    "    #from org.orekit.forces.drag import DragForce\n",
    "    #dragForce = DragForce(atmosphere, isotropicDrag)\n",
    "    #kepPropagatorBuilder.addForceModel(dragForce)\n",
    "\n",
    "    # Relativity\n",
    "    from org.orekit.forces.gravity import Relativity\n",
    "    relativity = Relativity(orekit_constants.EIGEN5C_EARTH_MU)\n",
    "    kepPropagatorBuilder.addForceModel(relativity)\n",
    "    \n",
    "    return kepPropagatorBuilder\n",
    "\n",
    "kepPropagatorBuilder = perturbations(kepPropagatorBuilder)"
   ]
  },
  {
   "cell_type": "code",
   "execution_count": null,
   "metadata": {},
   "outputs": [],
   "source": []
  },
  {
   "cell_type": "code",
   "execution_count": 7,
   "metadata": {},
   "outputs": [],
   "source": [
    "\n",
    "if 1:\n",
    "    plst = kepPropagatorBuilder.getPropagationParametersDrivers()\n",
    "\n",
    "    dragCoefficient = ParameterDriver('Cd', 2.0, 1.0, 1.0, 3.0)\n",
    "    dragCoefficient.setSelected(True)\n",
    "    plst.add(dragCoefficient)\n",
    "\n",
    "    rpCoeffReflection = ParameterDriver('Cr', 1.5, 1.0, 1.0, 2.0)\n",
    "    rpCoeffReflection.setSelected(True)\n",
    "    plst.add(rpCoeffReflection)\n",
    "\n",
    "    estmDMCAcceleration = ParameterDriver('DMC', 0.1, 1.0, -1.0e-2, 1.0e-2)\n",
    "    estmDMCAcceleration.setSelected(True)\n",
    "    plst.add(estmDMCAcceleration)\n",
    "\n"
   ]
  },
  {
   "cell_type": "code",
   "execution_count": null,
   "metadata": {},
   "outputs": [],
   "source": []
  },
  {
   "cell_type": "code",
   "execution_count": null,
   "metadata": {},
   "outputs": [],
   "source": [
    " "
   ]
  },
  {
   "cell_type": "code",
   "execution_count": 8,
   "metadata": {},
   "outputs": [
    {
     "name": "stdout",
     "output_type": "stream",
     "text": [
      "9\n"
     ]
    }
   ],
   "source": [
    "# Creation of Noise matrix\n",
    "def initCovLower2(initialCov, initData, matSize):\n",
    "    for i in range(0,matSize):\n",
    "        initialCov.setEntry(i, i, initData[i]);\n",
    "        for j in range(0,i):\n",
    "            initialCov.setEntry(i, j, initData[j]);\n",
    "            initialCov.setEntry(j, i, initData[j]);\n",
    "            #print(initData[j])\n",
    "    return initialCov\n",
    "\n",
    "def initCov2(initialCov, initData, matSize):\n",
    "    for i in range(0,matSize):\n",
    "        initialCov.setEntry(i, i, initData[i]);\n",
    "        for j in range(0,matSize):\n",
    "            initialCov.setEntry(i, j, initData[j]);\n",
    "            initialCov.setEntry(j, i, initData[j]);\n",
    "            #print(initData[j])\n",
    "    return initialCov\n",
    "def initDiag2(initialCov, initData, matSize):\n",
    "    for i in range(0,matSize):\n",
    "        initialCov.setEntry(i, i, initData[i]);\n",
    "    return initialCov\n",
    "\n",
    "matSize = 9\n",
    "Q = MatrixUtils.createRealDiagonalMatrix([10000.0, 0.2, 0.3, 0.3,0.3,0.3, 10.0, 10.0, 10.0])\n",
    "Q = MatrixUtils.createRealDiagonalMatrix([1000.0, 10.0, 10.0, 10.0, 10.0, 10.0, 10.0, 10.0, 10.0])\n",
    "#Q = MatrixUtils.createRealDiagonalMatrix([1e-9, 1e-9, 1e-9, 1e-9, 1e-9, 1e-9, 10.0, 10.0, 10.0])\n",
    "#Q = MatrixUtils.createRealDiagonalMatrix([1e-6, 1e-6, 1e-6, 1e-6, 1e-6, 1e-6, 1e-6, 1e-6, 1e-6])\n",
    "\n",
    "initialCov = Array2DRowRealMatrix(matSize,matSize)\n",
    "initData = [25e6, 25e6, 25e6, 1e2, 1e2, 1e2, 1.00, 0.25, 1e-1, 1e-1, 1e-1]\n",
    "initData = [25e6, 0.5, 0.5, 0.5, 0.5, 0.5, 1.00, 0.25, 1e-1, 1e-1,1e-1]\n",
    "initData = [25e10, 1.0, 1.0, 1.0, 1.0, 1.0, 1.0, 1.0, 1.0, 1.0, 1.0]\n",
    "initData = [1e10, 1e-1, 1e-2, 1e-2, 1e-2, 1e-2, 1e-0, 1e-0, 1e-0, 1e-0 ,1e-0]\n",
    "#initialCov = MatrixUtils.createRealDiagonalMatrix([3.739752914*1*1, 0.00001, 0.00001, 0.00001, 0.00001, 0.00001,3.0, 3.0, 3.0])\n",
    "#initData = [3.739752914*1*1, 0.00001, 0.00001, 0.00001, 0.00001, 0.00001,3.0, 3.0, 3.0]\n",
    "\n",
    "initialCov = initCovLower2(initialCov, initData, matSize)\n",
    "\n",
    " \n",
    "print(initialCov.getRowDimension())\n",
    "\n",
    "# Build the Kalman filter\n",
    "processNoise = ConstantProcessNoise(initialCov, Q)\n",
    "\n",
    "kalman = KalmanEstimatorBuilder().addPropagationConfiguration(kepPropagatorBuilder, processNoise) # KalmanEstimatorBuilder\n",
    "\n",
    "filter = kalman.build() # KalmanEstimator\n"
   ]
  },
  {
   "cell_type": "code",
   "execution_count": 9,
   "metadata": {},
   "outputs": [
    {
     "data": {
      "text/plain": [
       "<Array2DRowRealMatrix: Array2DRowRealMatrix{{1000.0,1000.0,1000.0,1000.0,1000.0,1000.0,1000.0,1000.0,1000.0},{1000.0,0.1,0.1,0.1,0.1,0.1,0.1,0.1,0.1},{1000.0,0.1,0.01,0.01,0.01,0.01,0.01,0.01,0.01},{1000.0,0.1,0.01,0.01,0.01,0.01,0.01,0.01,0.01},{1000.0,0.1,0.01,0.01,0.01,0.01,0.01,0.01,0.01},{1000.0,0.1,0.01,0.01,0.01,0.01,0.01,0.01,0.01},{1000.0,0.1,0.01,0.01,0.01,0.01,1.0,1.0,1.0},{1000.0,0.1,0.01,0.01,0.01,0.01,1.0,1.0,1.0},{1000.0,0.1,0.01,0.01,0.01,0.01,1.0,1.0,1.0}}>"
      ]
     },
     "execution_count": 9,
     "metadata": {},
     "output_type": "execute_result"
    }
   ],
   "source": [
    "initialCov"
   ]
  },
  {
   "cell_type": "code",
   "execution_count": 10,
   "metadata": {},
   "outputs": [],
   "source": [
    "def generateEKF(initialOrbit, initialCov, Q):\n",
    "    # Orbit propagator parameters\n",
    "    prop_min_step = 10.0 # s\n",
    "    prop_max_step = 24*3600.0 # s\n",
    "    prop_position_error = 1000.0 # m\n",
    "\n",
    "    # Estimator parameters\n",
    "    estimator_position_scale = 1.0 # m\n",
    "    estimator_convergence_thres = 1e-3\n",
    "    estimator_max_iterations = 25\n",
    "    estimator_max_evaluations = 35\n",
    "    \n",
    "    integratorBuilder = DormandPrince853IntegratorBuilder(prop_min_step, prop_max_step, prop_position_error)\n",
    "    kepPropagatorBuilder = NumericalPropagatorBuilder(initialOrbit,\n",
    "                                                   integratorBuilder,\n",
    "                                                   PositionAngle.MEAN,\n",
    "                                                   estimator_position_scale)\n",
    "    \n",
    "    kepPropagatorBuilder = perturbations(kepPropagatorBuilder)\n",
    "    \n",
    "    plst = kepPropagatorBuilder.getPropagationParametersDrivers()\n",
    "\n",
    "    dragCoefficient = ParameterDriver('Cd', 2.0, 1.0, 1.0, 3.0)\n",
    "    dragCoefficient.setSelected(True)\n",
    "    plst.add(dragCoefficient)\n",
    "\n",
    "    rpCoeffReflection = ParameterDriver('Cr', 1.5, 1.0, 1.0, 2.0)\n",
    "    rpCoeffReflection.setSelected(True)\n",
    "    plst.add(rpCoeffReflection)\n",
    "\n",
    "    estmDMCAcceleration = ParameterDriver('DMC', 0.1, 1.0, -1.0e-2, 1.0e-2)\n",
    "    estmDMCAcceleration.setSelected(True)\n",
    "    plst.add(estmDMCAcceleration)\n",
    "    \n",
    "    processNoise = ConstantProcessNoise(initialCov, Q)\n",
    "\n",
    "    kalman = KalmanEstimatorBuilder().addPropagationConfiguration(kepPropagatorBuilder, processNoise) # KalmanEstimatorBuilder\n",
    "\n",
    "    filter = kalman.build() # KalmanEstimator\n",
    "    \n",
    "    return filter"
   ]
  },
  {
   "cell_type": "code",
   "execution_count": 11,
   "metadata": {
    "tags": []
   },
   "outputs": [
    {
     "name": "stdout",
     "output_type": "stream",
     "text": [
      "30\n",
      "Block failed  0\n",
      "Array2DRowRealMatrix{{-204517.1010058745,1056.2596791678,998.5252549866,623.2595002403,-306.8979310524,537.5340209372,998.6260519534,998.6260519534,998.6260519534},{1056.2596791678,6.071076405,0.0641971547,2.9476059846,-1.7634573725,3.6060636079,0.064303053,0.064303053,0.064303053},{998.5252549866,0.0641971547,10.0096628857,0.0320706823,-0.0193534257,0.037187462,0.0096648085,0.0096648085,0.0096648085},{623.2595002403,2.9476059846,0.0320706823,7.445389434,-0.8561725684,-3.1453555188,0.0321633562,0.0321633562,0.0321633562},{-306.8979310524,-1.7634573725,-0.0193534257,-0.8561725684,0.512229133,-1.0474602712,-0.0186418087,-0.0186418087,-0.0186418087},{537.5340209372,3.6060636079,0.037187462,-3.1453555188,-1.0474602712,6.1278170848,0.0373008746,0.0373008746,0.0373008746},{998.6260519534,0.064303053,0.0096648085,0.0321633562,-0.0186418087,0.0373008746,10.9996666776,0.9996666776,0.9996666776},{998.6260519534,0.064303053,0.0096648085,0.0321633562,-0.0186418087,0.0373008746,0.9996666776,10.9996666776,0.9996666776},{998.6260519534,0.064303053,0.0096648085,0.0321633562,-0.0186418087,0.0373008746,0.9996666776,0.9996666776,10.9996666776}}\n",
      "Block failed  1\n",
      "Array2DRowRealMatrix{{-203517.1009970811,1056.2597324687,998.5252549927,623.2594650801,-306.8979091886,537.5339751091,998.6260519536,998.6260519536,998.6260519536},{1056.2597324687,6.6688297219,0.0641872552,3.2371235043,-1.9370893872,3.9616980228,0.0643030531,0.0643030531,0.0643030531},{998.5252549927,0.0641872552,11.0096628803,0.0320617703,-0.0194247876,0.0371765131,0.0096648085,0.0096648085,0.0096648085},{623.2594650801,3.2371235043,0.0320617703,8.1870332003,-0.9402689348,-3.4627129014,0.0321633563,0.0321633563,0.0321633563},{-306.8979091886,-1.9370893872,-0.0194247876,-0.9402689348,0.5626647876,-1.1507638069,-0.0186418088,-0.0186418088,-0.0186418088},{537.5339751091,3.9616980228,0.0371765131,-3.4627129014,-1.1507638069,6.7379843842,0.0373008746,0.0373008746,0.0373008746},{998.6260519536,0.0643030531,0.0096648085,0.0321633563,-0.0186418088,0.0373008746,11.9996666776,0.9996666776,0.9996666776},{998.6260519536,0.0643030531,0.0096648085,0.0321633563,-0.0186418088,0.0373008746,0.9996666776,11.9996666776,0.9996666776},{998.6260519536,0.0643030531,0.0096648085,0.0321633563,-0.0186418088,0.0373008746,0.9996666776,0.9996666776,11.9996666776}}\n",
      "Block failed  2\n",
      "Array2DRowRealMatrix{{-202517.1009882879,1056.2597857719,998.5252549992,623.2594299211,-306.8978873251,537.5339292825,998.6260519539,998.6260519539,998.6260519539},{1056.2597857719,7.2665830406,0.0641773556,3.5266410257,-2.1107214025,4.3173324384,0.0643030532,0.0643030532,0.0643030532},{998.5252549992,0.0641773556,12.009662875,0.0320528584,-0.0194961494,0.037165564,0.0096648085,0.0096648085,0.0096648085},{623.2594299211,3.5266410257,0.0320528584,8.9286769677,-1.0243653017,-3.7800702834,0.0321633565,0.0321633565,0.0321633565},{-306.8978873251,-2.1107214025,-0.0194961494,-1.0243653017,0.6131004424,-1.2540673427,-0.0186418088,-0.0186418088,-0.0186418088},{537.5339292825,4.3173324384,0.037165564,-3.7800702834,-1.2540673427,7.3481516836,0.0373008746,0.0373008746,0.0373008746},{998.6260519539,0.0643030532,0.0096648085,0.0321633565,-0.0186418088,0.0373008746,12.9996666776,0.9996666776,0.9996666776},{998.6260519539,0.0643030532,0.0096648085,0.0321633565,-0.0186418088,0.0373008746,0.9996666776,12.9996666776,0.9996666776},{998.6260519539,0.0643030532,0.0096648085,0.0321633565,-0.0186418088,0.0373008746,0.9996666776,0.9996666776,12.9996666776}}\n",
      "Block failed  3\n",
      "Array2DRowRealMatrix{{-201517.1009794946,1056.2598390773,998.5252550062,623.2593947631,-306.8978654622,537.5338834572,998.6260519541,998.6260519541,998.6260519541},{1056.2598390773,7.8643363612,0.0641674559,3.8161585486,-2.2843534183,4.6729668545,0.0643030533,0.0643030533,0.0643030533},{998.5252550062,0.0641674559,13.0096628696,0.0320439464,-0.0195675112,0.0371546148,0.0096648085,0.0096648085,0.0096648085},{623.2593947631,3.8161585486,0.0320439464,9.6703207361,-1.108461669,-4.0974276647,0.0321633566,0.0321633566,0.0321633566},{-306.8978654622,-2.2843534183,-0.0195675112,-1.108461669,0.6635360973,-1.3573708787,-0.0186418088,-0.0186418088,-0.0186418088},{537.5338834572,4.6729668545,0.0371546148,-4.0974276647,-1.3573708787,7.958318983,0.0373008746,0.0373008746,0.0373008746},{998.6260519541,0.0643030533,0.0096648085,0.0321633566,-0.0186418088,0.0373008746,13.9996666776,0.9996666776,0.9996666776},{998.6260519541,0.0643030533,0.0096648085,0.0321633566,-0.0186418088,0.0373008746,0.9996666776,13.9996666776,0.9996666776},{998.6260519541,0.0643030533,0.0096648085,0.0321633566,-0.0186418088,0.0373008746,0.9996666776,0.9996666776,13.9996666776}}\n",
      "Block failed  4\n",
      "Array2DRowRealMatrix{{-200517.1009707013,1056.2598923849,998.5252550137,623.2593596062,-306.8978436,537.5338376332,998.6260519544,998.6260519544,998.6260519544},{1056.2598923849,8.4620896836,0.0641575561,4.1056760731,-2.4579854346,5.0286012711,0.0643030534,0.0643030534,0.0643030534},{998.5252550137,0.0641575561,14.0096628642,0.0320350346,-0.019638873,0.0371436655,0.0096648085,0.0096648085,0.0096648085},{623.2593596062,4.1056760731,0.0320350346,10.4119645057,-1.1925580369,-4.4147850453,0.0321633567,0.0321633567,0.0321633567},{-306.8978436,-2.4579854346,-0.019638873,-1.1925580369,0.7139717524,-1.4606744149,-0.0186418089,-0.0186418089,-0.0186418089},{537.5338376332,5.0286012711,0.0371436655,-4.4147850453,-1.4606744149,8.5684862824,0.0373008746,0.0373008746,0.0373008746},{998.6260519544,0.0643030534,0.0096648085,0.0321633567,-0.0186418089,0.0373008746,14.9996666776,0.9996666776,0.9996666776},{998.6260519544,0.0643030534,0.0096648085,0.0321633567,-0.0186418089,0.0373008746,0.9996666776,14.9996666776,0.9996666776},{998.6260519544,0.0643030534,0.0096648085,0.0321633567,-0.0186418089,0.0373008746,0.9996666776,0.9996666776,14.9996666776}}\n",
      "Block failed  5\n",
      "Array2DRowRealMatrix{{-199517.1009619081,1056.2599456947,998.5252550216,623.2593244504,-306.8978217385,537.5337918105,998.6260519546,998.6260519546,998.6260519546},{1056.2599456947,9.0598430079,0.0641476563,4.3951935993,-2.6316174515,5.3842356883,0.0643030535,0.0643030535,0.0643030535},{998.5252550216,0.0641476563,15.0096628588,0.0320261227,-0.0197102348,0.037132716,0.0096648085,0.0096648085,0.0096648085},{623.2593244504,4.3951935993,0.0320261227,11.1536082764,-1.2766544051,-4.7321424253,0.0321633568,0.0321633568,0.0321633568},{-306.8978217385,-2.6316174515,-0.0197102348,-1.2766544051,0.7644074076,-1.5639779512,-0.0186418089,-0.0186418089,-0.0186418089},{537.5337918105,5.3842356883,0.037132716,-4.7321424253,-1.5639779512,9.1786535818,0.0373008746,0.0373008746,0.0373008746},{998.6260519546,0.0643030535,0.0096648085,0.0321633568,-0.0186418089,0.0373008746,15.9996666776,0.9996666776,0.9996666776},{998.6260519546,0.0643030535,0.0096648085,0.0321633568,-0.0186418089,0.0373008746,0.9996666776,15.9996666776,0.9996666776},{998.6260519546,0.0643030535,0.0096648085,0.0321633568,-0.0186418089,0.0373008746,0.9996666776,0.9996666776,15.9996666776}}\n",
      "Block failed  6\n",
      "Array2DRowRealMatrix{{-198517.1009531149,1056.2599990068,998.52525503,623.2592892957,-306.8977998775,537.5337459892,998.6260519549,998.6260519549,998.6260519549},{1056.2599990068,9.6575963341,0.0641377563,4.684711127,-2.805249469,5.739870106,0.0643030536,0.0643030536,0.0643030536},{998.52525503,0.0641377563,16.0096628534,0.0320172109,-0.0197815965,0.0371217665,0.0096648085,0.0096648085,0.0096648085},{623.2592892957,4.684711127,0.0320172109,11.8952520483,-1.3607507739,-5.0494998045,0.032163357,0.032163357,0.032163357},{-306.8977998775,-2.805249469,-0.0197815965,-1.3607507739,0.814843063,-1.6672814877,-0.0186418089,-0.0186418089,-0.0186418089},{537.5337459892,5.739870106,0.0371217665,-5.0494998045,-1.6672814877,9.7888208811,0.0373008746,0.0373008746,0.0373008746},{998.6260519549,0.0643030536,0.0096648085,0.032163357,-0.0186418089,0.0373008746,16.9996666776,0.9996666776,0.9996666776},{998.6260519549,0.0643030536,0.0096648085,0.032163357,-0.0186418089,0.0373008746,0.9996666776,16.9996666776,0.9996666776},{998.6260519549,0.0643030536,0.0096648085,0.032163357,-0.0186418089,0.0373008746,0.9996666776,0.9996666776,16.9996666776}}\n",
      "Block failed  7\n",
      "Array2DRowRealMatrix{{-197517.1009443216,1056.2600523211,998.5252550388,623.2592541421,-306.8977780173,537.5337001692,998.6260519551,998.6260519551,998.6260519551},{1056.2600523211,10.2553496622,0.0641278563,4.9742286563,-2.978881487,6.0955045243,0.0643030537,0.0643030537,0.0643030537},{998.5252550388,0.0641278563,17.009662848,0.0320082991,-0.0198529582,0.0371108169,0.0096648085,0.0096648085,0.0096648085},{623.2592541421,4.9742286563,0.0320082991,12.6368958212,-1.4448471431,-5.3668571831,0.0321633571,0.0321633571,0.0321633571},{-306.8977780173,-2.978881487,-0.0198529582,-1.4448471431,0.8652787186,-1.7705850243,-0.0186418089,-0.0186418089,-0.0186418089},{537.5337001692,6.0955045243,0.0371108169,-5.3668571831,-1.7705850243,10.3989881805,0.0373008746,0.0373008746,0.0373008746},{998.6260519551,0.0643030537,0.0096648085,0.0321633571,-0.0186418089,0.0373008746,17.9996666776,0.9996666776,0.9996666776},{998.6260519551,0.0643030537,0.0096648085,0.0321633571,-0.0186418089,0.0373008746,0.9996666776,17.9996666776,0.9996666776},{998.6260519551,0.0643030537,0.0096648085,0.0321633571,-0.0186418089,0.0373008746,0.9996666776,0.9996666776,17.9996666776}}\n",
      "Block failed  8\n",
      "Array2DRowRealMatrix{{-196517.1009355283,1056.2601056376,998.5252550482,623.2592189895,-306.8977561576,537.5336543505,998.6260519553,998.6260519553,998.6260519553},{1056.2601056376,10.8531029921,0.0641179562,5.2637461872,-3.1525135055,6.4511389432,0.0643030538,0.0643030538,0.0643030538},{998.5252550482,0.0641179562,18.0096628426,0.0319993873,-0.0199243199,0.0370998671,0.0096648085,0.0096648085,0.0096648085},{623.2592189895,5.2637461872,0.0319993873,13.3785395952,-1.5289435128,-5.684214561,0.0321633572,0.0321633572,0.0321633572},{-306.8977561576,-3.1525135055,-0.0199243199,-1.5289435128,0.9157143743,-1.8738885611,-0.018641809,-0.018641809,-0.018641809},{537.5336543505,6.4511389432,0.0370998671,-5.684214561,-1.8738885611,11.0091554799,0.0373008746,0.0373008746,0.0373008746},{998.6260519553,0.0643030538,0.0096648085,0.0321633572,-0.018641809,0.0373008746,18.9996666776,0.9996666776,0.9996666776},{998.6260519553,0.0643030538,0.0096648085,0.0321633572,-0.018641809,0.0373008746,0.9996666776,18.9996666776,0.9996666776},{998.6260519553,0.0643030538,0.0096648085,0.0321633572,-0.018641809,0.0373008746,0.9996666776,0.9996666776,18.9996666776}}\n",
      "Block failed  9\n",
      "Array2DRowRealMatrix{{-195517.100926735,1056.2601589563,998.5252550579,623.259183838,-306.8977342987,537.5336085331,998.6260519556,998.6260519556,998.6260519556},{1056.2601589563,11.4508563239,0.064108056,5.5532637197,-3.3261455246,6.8067733625,0.0643030539,0.0643030539,0.0643030539},{998.5252550579,0.064108056,19.0096628372,0.0319904756,-0.0199956815,0.0370889173,0.0096648085,0.0096648085,0.0096648085},{623.259183838,5.5532637197,0.0319904756,14.1201833703,-1.6130398829,-6.0015719383,0.0321633573,0.0321633573,0.0321633573},{-306.8977342987,-3.3261455246,-0.0199956815,-1.6130398829,0.9661500302,-1.977192098,-0.018641809,-0.018641809,-0.018641809},{537.5336085331,6.8067733625,0.0370889173,-6.0015719383,-1.977192098,11.6193227792,0.0373008746,0.0373008746,0.0373008746},{998.6260519556,0.0643030539,0.0096648085,0.0321633573,-0.018641809,0.0373008746,19.9996666776,0.9996666776,0.9996666776},{998.6260519556,0.0643030539,0.0096648085,0.0321633573,-0.018641809,0.0373008746,0.9996666776,19.9996666776,0.9996666776},{998.6260519556,0.0643030539,0.0096648085,0.0321633573,-0.018641809,0.0373008746,0.9996666776,0.9996666776,19.9996666776}}\n",
      "Block failed  10\n",
      "Array2DRowRealMatrix{{-194517.1009179417,1056.2602122773,998.5252550682,623.2591486876,-306.8977124403,537.5335627171,998.6260519558,998.6260519558,998.6260519558},{1056.2602122773,12.0486096575,0.0640981557,5.8427812538,-3.4997775442,7.1624077825,0.064303054,0.064303054,0.064303054},{998.5252550682,0.0640981557,20.0096628318,0.0319815639,-0.0200670432,0.0370779673,0.0096648085,0.0096648085,0.0096648085},{623.2591486876,5.8427812538,0.0319815639,14.8618271466,-1.6971362535,-6.3189293148,0.0321633574,0.0321633574,0.0321633574},{-306.8977124403,-3.4997775442,-0.0200670432,-1.6971362535,1.0165856863,-2.0804956352,-0.018641809,-0.018641809,-0.018641809},{537.5335627171,7.1624077825,0.0370779673,-6.3189293148,-2.0804956352,12.2294900785,0.0373008746,0.0373008746,0.0373008746},{998.6260519558,0.064303054,0.0096648085,0.0321633574,-0.018641809,0.0373008746,20.9996666776,0.9996666776,0.9996666776},{998.6260519558,0.064303054,0.0096648085,0.0321633574,-0.018641809,0.0373008746,0.9996666776,20.9996666776,0.9996666776},{998.6260519558,0.064303054,0.0096648085,0.0321633574,-0.018641809,0.0373008746,0.9996666776,0.9996666776,20.9996666776}}\n",
      "Block failed  11\n",
      "Array2DRowRealMatrix{{-193517.1009091484,1056.2602656005,998.5252550789,623.2591135383,-306.8976905827,537.5335169024,998.6260519561,998.6260519561,998.6260519561},{1056.2602656005,12.6463629931,0.0640882554,6.1322987895,-3.6734095644,7.518042203,0.0643030541,0.0643030541,0.0643030541},{998.5252550789,0.0640882554,21.0096628265,0.0319726522,-0.0201384048,0.0370670172,0.0096648085,0.0096648085,0.0096648085},{623.2591135383,6.1322987895,0.0319726522,15.6034709239,-1.7812326246,-6.6362866907,0.0321633576,0.0321633576,0.0321633576},{-306.8976905827,-3.6734095644,-0.0201384048,-1.7812326246,1.0670213424,-2.1837991724,-0.0186418091,-0.0186418091,-0.0186418091},{537.5335169024,7.518042203,0.0370670172,-6.6362866907,-2.1837991724,12.8396573779,0.0373008746,0.0373008746,0.0373008746},{998.6260519561,0.0643030541,0.0096648085,0.0321633576,-0.0186418091,0.0373008746,21.9996666776,0.9996666776,0.9996666776},{998.6260519561,0.0643030541,0.0096648085,0.0321633576,-0.0186418091,0.0373008746,0.9996666776,21.9996666776,0.9996666776},{998.6260519561,0.0643030541,0.0096648085,0.0321633576,-0.0186418091,0.0373008746,0.9996666776,0.9996666776,21.9996666776}}\n",
      "Block failed  12\n",
      "Array2DRowRealMatrix{{-192517.1009003552,1056.2603189259,998.5252550901,623.25907839,-306.8976687256,537.533471089,998.6260519563,998.6260519563,998.6260519563},{1056.2603189259,13.2441163304,0.0640783549,6.4218163268,-3.8470415851,7.873676624,0.0643030542,0.0643030542,0.0643030542},{998.5252550901,0.0640783549,22.0096628211,0.0319637406,-0.0202097664,0.0370560671,0.0096648085,0.0096648085,0.0096648085},{623.25907839,6.4218163268,0.0319637406,16.3451147024,-1.8653289961,-6.9536440659,0.0321633577,0.0321633577,0.0321633577},{-306.8976687256,-3.8470415851,-0.0202097664,-1.8653289961,1.1174569988,-2.2871027099,-0.0186418091,-0.0186418091,-0.0186418091},{537.533471089,7.873676624,0.0370560671,-6.9536440659,-2.2871027099,13.4498246772,0.0373008746,0.0373008746,0.0373008746},{998.6260519563,0.0643030542,0.0096648085,0.0321633577,-0.0186418091,0.0373008746,22.9996666776,0.9996666776,0.9996666776},{998.6260519563,0.0643030542,0.0096648085,0.0321633577,-0.0186418091,0.0373008746,0.9996666776,22.9996666776,0.9996666776},{998.6260519563,0.0643030542,0.0096648085,0.0321633577,-0.0186418091,0.0373008746,0.9996666776,0.9996666776,22.9996666776}}\n",
      "Block failed  13\n",
      "Array2DRowRealMatrix{{-191517.1008915619,1056.2603722536,998.5252551018,623.2590432428,-306.8976468692,537.5334252769,998.6260519566,998.6260519566,998.6260519566},{1056.2603722536,13.8418696697,0.0640684544,6.7113338657,-4.0206736063,8.2293110456,0.0643030543,0.0643030543,0.0643030543},{998.5252551018,0.0640684544,23.0096628157,0.031954829,-0.0202811279,0.0370451168,0.0096648085,0.0096648085,0.0096648085},{623.2590432428,6.7113338657,0.031954829,17.0867584819,-1.9494253681,-7.2710014405,0.0321633578,0.0321633578,0.0321633578},{-306.8976468692,-4.0206736063,-0.0202811279,-1.9494253681,1.1678926553,-2.3904062475,-0.0186418091,-0.0186418091,-0.0186418091},{537.5334252769,8.2293110456,0.0370451168,-7.2710014405,-2.3904062475,14.0599919765,0.0373008746,0.0373008746,0.0373008746},{998.6260519566,0.0643030543,0.0096648085,0.0321633578,-0.0186418091,0.0373008746,23.9996666776,0.9996666776,0.9996666776},{998.6260519566,0.0643030543,0.0096648085,0.0321633578,-0.0186418091,0.0373008746,0.9996666776,23.9996666776,0.9996666776},{998.6260519566,0.0643030543,0.0096648085,0.0321633578,-0.0186418091,0.0373008746,0.9996666776,0.9996666776,23.9996666776}}\n",
      "Block failed  14\n",
      "Array2DRowRealMatrix{{-190517.1008827687,1056.2604255835,998.5252551139,623.2590080967,-306.8976250135,537.5333794662,998.6260519568,998.6260519568,998.6260519568},{1056.2604255835,14.4396230108,0.0640585538,7.0008514062,-4.1943056281,8.5849454677,0.0643030544,0.0643030544,0.0643030544},{998.5252551139,0.0640585538,24.0096628103,0.0319459174,-0.0203524894,0.0370341664,0.0096648085,0.0096648085,0.0096648085},{623.2590080967,7.0008514062,0.0319459174,17.8284022626,-2.0335217405,-7.5883588143,0.0321633579,0.0321633579,0.0321633579},{-306.8976250135,-4.1943056281,-0.0203524894,-2.0335217405,1.218328312,-2.4937097852,-0.0186418091,-0.0186418091,-0.0186418091},{537.5333794662,8.5849454677,0.0370341664,-7.5883588143,-2.4937097852,14.6701592758,0.0373008746,0.0373008746,0.0373008746},{998.6260519568,0.0643030544,0.0096648085,0.0321633579,-0.0186418091,0.0373008746,24.9996666776,0.9996666776,0.9996666776},{998.6260519568,0.0643030544,0.0096648085,0.0321633579,-0.0186418091,0.0373008746,0.9996666776,24.9996666776,0.9996666776},{998.6260519568,0.0643030544,0.0096648085,0.0321633579,-0.0186418091,0.0373008746,0.9996666776,0.9996666776,24.9996666776}}\n",
      "Block failed  15\n",
      "Array2DRowRealMatrix{{-189517.1008739754,1056.2604789156,998.5252551265,623.2589729517,-306.8976031584,537.5333336568,998.6260519571,998.6260519571,998.6260519571},{1056.2604789156,15.0373763538,0.064048653,7.2903689483,-4.3679376504,8.9405798904,0.0643030545,0.0643030545,0.0643030545},{998.5252551265,0.064048653,25.0096628049,0.0319370058,-0.020423851,0.0370232158,0.0096648085,0.0096648085,0.0096648085},{623.2589729517,7.2903689483,0.0319370058,18.5700460444,-2.1176181134,-7.9057161875,0.0321633581,0.0321633581,0.0321633581},{-306.8976031584,-4.3679376504,-0.020423851,-2.1176181134,1.2687639688,-2.5970133231,-0.0186418092,-0.0186418092,-0.0186418092},{537.5333336568,8.9405798904,0.0370232158,-7.9057161875,-2.5970133231,15.2803265751,0.0373008746,0.0373008746,0.0373008746},{998.626051957,0.0643030545,0.0096648085,0.0321633581,-0.0186418092,0.0373008746,25.9996666776,0.9996666776,0.9996666776},{998.626051957,0.0643030545,0.0096648085,0.0321633581,-0.0186418092,0.0373008746,0.9996666776,25.9996666776,0.9996666776},{998.626051957,0.0643030545,0.0096648085,0.0321633581,-0.0186418092,0.0373008746,0.9996666776,0.9996666776,25.9996666776}}\n",
      "Block failed  16\n",
      "Array2DRowRealMatrix{{-188517.1008651821,1056.2605322499,998.5252551395,623.2589378078,-306.8975813039,537.5332878487,998.6260519573,998.6260519573,998.6260519573},{1056.2605322499,15.6351296987,0.0640387522,7.5798864919,-4.5415696733,9.2962143136,0.0643030546,0.0643030546,0.0643030546},{998.5252551395,0.0640387522,26.0096627995,0.0319280943,-0.0204952124,0.0370122652,0.0096648085,0.0096648085,0.0096648085},{623.2589378078,7.5798864919,0.0319280943,19.3116898272,-2.2017144868,-8.22307356,0.0321633582,0.0321633582,0.0321633582},{-306.8975813039,-4.5415696733,-0.0204952124,-2.2017144868,1.3191996258,-2.7003168612,-0.0186418092,-0.0186418092,-0.0186418092},{537.5332878487,9.2962143136,0.0370122652,-8.22307356,-2.7003168612,15.8904938744,0.0373008746,0.0373008746,0.0373008746},{998.6260519573,0.0643030546,0.0096648085,0.0321633582,-0.0186418092,0.0373008746,26.9996666776,0.9996666776,0.9996666776},{998.6260519573,0.0643030546,0.0096648085,0.0321633582,-0.0186418092,0.0373008746,0.9996666776,26.9996666776,0.9996666776},{998.6260519573,0.0643030546,0.0096648085,0.0321633582,-0.0186418092,0.0373008746,0.9996666776,0.9996666776,26.9996666776}}\n",
      "Block failed  17\n",
      "Array2DRowRealMatrix{{-187517.1008563889,1056.2605855865,998.525255153,623.2589026649,-306.8975594501,537.5332420419,998.6260519575,998.6260519575,998.6260519575},{1056.2605855865,16.2328830454,0.0640288514,7.8694040372,-4.7152016967,9.6518487374,0.0643030547,0.0643030547,0.0643030547},{998.525255153,0.0640288514,27.0096627941,0.0319191828,-0.0205665739,0.0370013145,0.0096648085,0.0096648085,0.0096648085},{623.2589026649,7.8694040372,0.0319191828,20.0533336112,-2.2858108607,-8.5404309318,0.0321633583,0.0321633583,0.0321633583},{-306.8975594501,-4.7152016967,-0.0205665739,-2.2858108607,1.3696352829,-2.8036203994,-0.0186418092,-0.0186418092,-0.0186418092},{537.5332420419,9.6518487374,0.0370013145,-8.5404309318,-2.8036203994,16.5006611737,0.0373008746,0.0373008746,0.0373008746},{998.6260519575,0.0643030547,0.0096648085,0.0321633583,-0.0186418092,0.0373008746,27.9996666776,0.9996666776,0.9996666776},{998.6260519575,0.0643030547,0.0096648085,0.0321633583,-0.0186418092,0.0373008746,0.9996666776,27.9996666776,0.9996666776},{998.6260519575,0.0643030547,0.0096648085,0.0321633583,-0.0186418092,0.0373008746,0.9996666776,0.9996666776,27.9996666776}}\n",
      "Block failed  18\n",
